1111111111000101
0000000000010101
0000000001000001
0000000000010010
1111111110100101
0000000011011010
0000000000110010
0000000001111010
0000000001010010
0000000000000111
0000000011000001
0000000000010010
0000000101111111
0000000000010101
0000000000100001
0000000010010010
0000000000000111
0000000000100001
0001000000100000
0000000001111010
0000000000100001
0000000001110010
1111110111111111
0000000001111010
0000000010100101
0000000000110010
0000000000011010
0000000000011100
1111111111100101
0000000000010101
0000000000010010
0000000000000111
1111111111000001
0000100000001100
0000000001111010
0000000001010010
0000000010011111
0000000000000111
0000000001000001
0000000001100000
0000000000000111
1111111101100001
0000100001100100
0000000001011010
0000000001100110
0000000001010010
1111111000011111
0000000001111010
0000000001000110
0000000001110010
1111110110011111
0000000000100101
0000000000011010
0000000000011100
